[DEFAULT]
filename = o2mb.ini

[SENSOR]
p0_ppm = 0.0
p0_raw = -3628983.4903132315
p1_ppm = 100.0
p1_raw = 2101920.118126151
afe_drift_t = -235000
lpf_sample_rate_hz = 1
lpf_ripple_db = 36
lpf_width_hz = 0.05
lpf_cutoff_hz = 0.005
modbus_port = COM3
modbus_baudrate = 19200
modbus_address = 13
tg = 1.7449255271496637e-05
offset = 63.32305929852242

[GRAPH]
axlen = 64
ppm_min = -50
ppm_max = 150
adc_raw_min = 0
adc_raw_max = 10000000
t_digc_min = 15
t_digc_max = 45
p_hpa_min = 950
p_hpa_max = 1050
adc_mv_min = 0
adc_mv_max = 2500

[P HIGH]
ppm = 100.0
raw = 0.0

[P 3]
ppm = 3.0
raw = 0.0

[P 2]
ppm = 2.0
raw = 0.0

[P 1]
ppm = 1.0
raw = 0.0

[P ZERO]
ppm = 0.0
raw = 0.0
