[DEFAULT]
filename = ganz.ini

[SENSOR]
p0_ppm = 0.0
p0_raw = -6857895.711421132
p1_ppm = 810.0
p1_raw = 1191509.8958742018
afe_drift_t = -235000
lpf_sample_rate_hz = 1
lpf_ripple_db = 36
lpf_width_hz = 0.05
lpf_cutoff_hz = 0.001
modbus_port = COM3
modbus_baudrate = 19200
modbus_address = 13
tg = 0.00010062854818322002
offset = 690.1000890322395
ktemp_raw_0 = -6822962.278325146
ktemp_raw_1 = -6822013.3122611195
ktemp_digc_0 = 30.577083587646484
ktemp_digc_1 = 30.572917938232422
kpres_raw_0 = 1189875.271693113
kpres_raw_1 = 1081361.8939571371
kpres_hpa_0 = 1010.58837890625
kpres_hpa_1 = 1008.57421875

[GRAPH]
axlen = 64
o2_min = -50
o2_max = 1000
adc_raw_min = 0
adc_raw_max = 10000000
t_digc_min = 28
t_digc_max = 32
p_hpa_min = 1000
p_hpa_max = 1020
adc_mv_min = 0
adc_mv_max = 2500

[P HIGH]
ppm = 810.0
raw = 0.0

[P 3]
ppm = 3.0
raw = 0.0

[P 2]
ppm = 2.0
raw = 0.0

[P 1]
ppm = 1.0
raw = 0.0

[P ZERO]
ppm = 0.0
raw = 0.0

