[DEFAULT]
filename = ganz.ini

[SENSOR]
afe_drift_t = -235000

[MODBUS]
port = COM4
baudrate = 19200
address = 13

[LPF]
sample_rate_hz = 1
ripple_db = 36
width_hz = 0.1
cutoff_hz = 0.05

[GRAPH]
axlen = 64
ax_gas = GAS, 0, 1000, blue, dotted, 2
o2_min = -50
o2_max = 1000
adc_raw_min = 0
adc_raw_max = 16777215
t_digc_min = 28
t_digc_max = 32
p_hpa_min = 1000
p_hpa_max = 1020
adc_mv_min = 0
adc_mv_max = 2500

[P HIGH]
ppm = 100.0
raw = 1219458.2320520128

[P 3]
ppm = 3.0
raw = 0.0

[P 2]
ppm = 2.0
raw = 0.0

[P 1]
ppm = 1.0
raw = 0.0

[P ZERO]
ppm = 10.0
raw = 309631.7983521717

[KTEMP]
adc_0_raw = 9515148
t0_digc = 11.09375
adc_1_raw = 9523849
t1_digc = 30.116666793823242

[KPRES]
adc_0_raw = 6171208
p0_hpa = 1012.942138671875
adc_1_raw = 9534350
p1_hpa = 1013.47509765625

