[DEFAULT]
config_path = ganz.ini

[SENSOR]
afe_drift_t = -235000

[MODBUS]
port = COM3
baudrate = 19200
address = 13

[LPF]
sample_rate_hz = 1
ripple_db = 36
width_hz = 0.1
cutoff_hz = 0.05

[GRAPH]
axlen = 64
o2_min = -50
o2_max = 150
adc_raw_min = 0
adc_raw_max = 16777215
t_digc_min = 28
t_digc_max = 32
p_hpa_min = 950
p_hpa_max = 1050
adc_mv_min = 0
adc_mv_max = 2500

[P ZERO]
timestamp = 0
ppm = 0.0
raw = 3635919
temp_raw = 59088
temp_digc = 29.066665649414062
pres_raw = 4168005
pres_hpa = 1017.579345703125

[P SPAN]
timestamp = 0
ppm = 99.7
raw = 10315389
temp_raw = 59066
temp_digc = 29.020832061767578
pres_raw = 4167357
pres_hpa = 1017.421142578125

[P 3]
timestamp = 0
ppm = 3.0
raw = 0.0

[P 2]
timestamp = 0
ppm = 2.0
raw = 0.0

[P 1]
timestamp = 0
ppm = 1.0
raw = 0.0

[KTEMP]
adc_0_raw = 9515148
t0_digc = 11.09375
adc_1_raw = 9523849
t1_digc = 30.116666793823242

[KPRES]
adc_0_raw = 3547743
p0_hpa = 992.95703125
adc_1_raw = 3513747
p1_hpa = 1012.2998046875

