[DEFAULT]
filename = ganz.ini

[SENSOR]
p0_ppm = 0.0
p0_raw = -6383322.03913133
p1_ppm = 100.0
p1_raw = -5704161.2816885095
afe_drift_t = -235000
lpf_sample_rate_hz = 1
lpf_ripple_db = 36
lpf_width_hz = 0.05
lpf_cutoff_hz = 0.005
modbus_port = COM3
modbus_baudrate = 19200
modbus_address = 13
tg = 0.00014724054489914944
offset = 939.8838153084467

[GRAPH]
axlen = 64
o2_min = -50
o2_max = 150
adc_raw_min = 0
adc_raw_max = 10000000
t_digc_min = 28
t_digc_max = 32
p_hpa_min = 980
p_hpa_max = 1020
adc_mv_min = 0
adc_mv_max = 2500

[P HIGH]
ppm = 100.0
raw = 0.0

[P 3]
ppm = 3.0
raw = 0.0

[P 2]
ppm = 2.0
raw = 0.0

[P 1]
ppm = 1.0
raw = 0.0

[P ZERO]
ppm = 0.0
raw = 0.0

